root@nnqj8hxb2x:/notebooks# echo "[Terminal 1]"
[Terminal 1]
root@nnqj8hxb2x:/notebooks# nvidia-smi dmon
# gpu   pwr gtemp mtemp    sm   mem   enc   dec  mclk  pclk
# Idx     W     C     C     %     %     %     %   MHz   MHz
    0    219     72      -    53     51      0      0   7600   1875 
    0    208     72      -    24     27      0      0   7600   1875 
    0    205     72      -     3      4      0      0   7600   1875 
    0    206     71      -     0      0      0      0   7600   1875 
    0    214     76      -    28     10      0      0   7600   1590 
    0    206     75      -     0      0      0      0   7600   1650 
    0    205     73      -     0      0      0      0   7600   1635 
    0    217     77      -    34     13      0      0   7600   1575 
    0    206     75      -     1      0      0      0   7600   1755 
    0    207     72      -     0      0      0      0   7600   1875 
    0    214     75      -     0      0      0      0   7600   1755 
    0    216     76      -     0      0      0      0   7600   1725 
    0    206     73      -     0      0      0      0   7600   1560 
    0    205     72      -     0      0      0      0   7600   1875 
    0    205     73      -    38     42      0      0   7600   1875 
    0    225     77      -     6      0      0      0   7600   1635 
    0    223     77      -     5      0      0      0   7600   1635 
    0    244     78      -    98     49      0      0   7600   1665 
    0    215     78      -    98     49      0      0   7600   1755 
    0    205     77      -    93     49      0      0   7600   1620 
    0    204     77      -    31     12      0      0   7600   1725 
    0    214     76      -    23      7      0      0   7600   1710 
    0    224     78      -    54     24      0      0   7600   1605 
    0    210     76      -    13      0      0      0   7600   1710 
    0    224     78      -    54     24      0      0   7600   1605 
    0    205     76      -     0      0      0      0   7600   1590 
    0    207     73      -     0      0      0      0   7600   1875 
    0    207     73      -     0      0      0      0   7600   1875 
    0    210     75      -    58     54      0      0   7600   1605 
    0    247     78      -    77     37      0      0   7600   1740 
    0    251     79      -   100     41      0      0   7600   1665 
    0    236     79      -    97     45      0      0   7600   1650 
    0    245     80      -   100     57      0      0   7600   1560 
    0    147     73      -     0      0      0      0   7600   1875 
    0    133     72      -     0      0      0      0   7600   1800 
    0     97     71      -     0      0      0      0   7600   1800 
    0     93     71      -     0      0      0      0   7600   1800 
    0    146     76      -    95     58      0      0   7600   1830 
    0    182     77      -    94     48      0      0   7600   1635 
    0    166     71      -     0      0      0      0   7600   1875 
    0    205     72      -     0      0      0      0   7600   1875 
    0    218     77      -    43     18      0      0   7600   1605 
    0    214     77      -    30     11      0      0   7600   1605 
    0    234     77      -    81     39      0      0   7600   1740 
# gpu   pwr gtemp mtemp    sm   mem   enc   dec  mclk  pclk
# Idx     W     C     C     %     %     %     %   MHz   MHz
    0    240     78      -    99     49      0      0   7600   1635 
    0    247     78      -    97     46      0      0   7600   1635 
    0    241     77      -   100     50      0      0   7600   1860 
    0    225     75      -    40     43      0      0   7600   1560 
    0    244     78      -    63     31      0      0   7600   1740 
    0    264     79      -    99     46      0      0   7600   1635 
    0    241     78      -   100     54      0      0   7600   1875 
    0    230     74      -   100     63      0      0   7600   1875 
    0    206     74      -     0      0      0      0   7600   1875 
    0    207     74      -     0      0      0      0   7600   1875 
    0    206     73      -     0      0      0      0   7600   1875 
    0    206     74      -     0      0      0      0   7600   1875 
    0    206     74      -     2      2      0      0   7600   1875 
    0    207     74      -     1      1      0      0   7600   1875 
    0    207     74      -     0      0      0      0   7600   1875 
    0    209     74      -    49     49      0      0   7600   1875 
    0    207     75      -    98     74      0      0   7600   1875 
    0    216     75      -    99     63      0      0   7600   1875 
    0    212     76      -    94     59      0      0   7600   1875 
    0    217     76      -   100     58      0      0   7600   1875 
    0    217     74      -    96     73      0      0   7600   1875 
    0    206     74      -     9     11      0      0   7600   1770 
    0    206     74      -     0      0      0      0   7600   1875 
    0    208     74      -    46     46      0      0   7600   1875 
    0    203     76      -   100     53      0      0   7600   1875 
    0    192     79      -   100     50      0      0   7600   1650 
    0    178     76      -    94     52      0      0   7600   1785 
    0    193     76      -    25      8      0      0   7600   1725 
    0    207     73      -     0      0      0      0   7600   1875 
    0    207     74      -     0      0      0      0   7600   1875 
    0    129     73      -     0      0      0      0   7600   1875 
    0    183     73      -    33     37      0      0   7600   1875 
    0    202     76      -    93     67      0      0   7600   1875 
    0    185     79      -    80     42      0      0   7600   1650 
    0    139     72      -     0      0      0      0   7600   1875 
    0    122     72      -     0      0      0      0   7600   1800 
    0    109     77      -    29     10      0      0   7600   1605 
    0    223     77      -    24      8      0      0   7600   1620 
    0    201     76      -     0      0      0      0   7600   1725 
    0    207     72      -     0      0      0      0   7600   1875 
    0    206     75      -     1      1      0      0   7600   1635 
    0    207     72      -     0      0      0      0   7600   1875 
    0    124     72      -     0      0      0      0   7600   1875 
    0     97     71      -     0      0      0      0   7600   1800 
# gpu   pwr gtemp mtemp    sm   mem   enc   dec  mclk  pclk
# Idx     W     C     C     %     %     %     %   MHz   MHz
    0     92     70      -     0      0      0      0   7600   1800 
    0     87     70      -     0      0      0      0   7600   1800 
    0    108     75      -    79     39      0      0   7600   1605 
    0    236     75      -    99     51      0      0   7600   1725 
    0    264     77      -   100     54      0      0   7600   1635 
    0    226     77      -   100     51      0      0   7600   1725 
    0    223     77      -   100     52      0      0   7600   1725 
    0    207     77      -    99     47      0      0   7600   1665 
    0    190     76      -    96     48      0      0   7600   1770 
    0    207     76      -    52     23      0      0   7600   1620 
    0    192     72      -     0      0      0      0   7600   1875 
    0    206     72      -     0      0      0      0   7600   1875 
    0    207     72      -    33     37      0      0   7600   1875 
    0    204     75      -   100     57      0      0   7600   1875 
    0    174     77      -    97     46      0      0   7600   1680 
    0    217     78      -    95     50      0      0   7600   1635 
    0    177     76      -     0      0      0      0   7600   1575 
    0    205     72      -     0      0      0      0   7600   1875 
    0    208     72      -    29     33      0      0   7600   1875 
    0    206     73      -    22     24      0      0   7600   1875 
    0    119     71      -     0      0      0      0   7600   1875 
    0    131     75      -    99     50      0      0   7600   1770 
    0    218     76      -    99     49      0      0   7600   1740 
    0    234     77      -   100     50      0      0   7600   1650 
    0    209     77      -    97     50      0      0   7600   1725 
    0    212     76      -    88     43      0      0   7600   1785 
    0    216     76      -    80     39      0      0   7600   1770 
    0    222     77      -    87     42      0      0   7600   1755 
    0    250     78      -   100     46      0      0   7600   1665 
    0    239     78      -   100     53      0      0   7600   1695 
    0    227     75      -   100     52      0      0   7600   1875 
    0    214     77      -   100     52      0      0   7600   1830 
    0    201     78      -    97     47      0      0   7600   1710 
    0    195     78      -    94     48      0      0   7600   1635 
    0    209     78      -    98     48      0      0   7600   1665 
    0    187     77      -    51     23      0      0   7600   1620 
    0    187     72      -     0      0      0      0   7600   1890 
    0    204     72      -     0      0      0      0   7600   1890 
    0    204     72      -    14     15      0      0   7600   1890 
    0    205     73      -    36     40      0      0   7600   1890 
    0    206     73      -    80     69      0      0   7600   1875 
    0    205     74      -   100     56      0      0   7600   1875 
    0    187     78      -   100     50      0      0   7600   1650 
    0    177     77      -    99     51      0      0   7600   1695 
# gpu   pwr gtemp mtemp    sm   mem   enc   dec  mclk  pclk
# Idx     W     C     C     %     %     %     %   MHz   MHz
    0    188     77      -    64     31      0      0   7600   1590 
    0    198     74      -     2      0      0      0   7600   1785 
    0    204     72      -     0      0      0      0   7600   1890 
    0    119     71      -     0      0      0      0   7600   1890 
    0    110     76      -    57     27      0      0   7600   1605 
    0    203     71      -     0      0      0      0   7600   1890 
    0    114     71      -     0      0      0      0   7600   1890 
    0    162     75      -   100     53      0      0   7600   1860 
    0    212     77      -   100     52      0      0   7600   1710 
    0    200     77      -    95     45      0      0   7600   1710 
    0    200     77      -    98     48      0      0   7600   1710 
    0    169     71      -     0      0      0      0   7600   1890 
    0    190     75      -   100     51      0      0   7600   1800 
    0    207     76      -    97     50      0      0   7600   1740 
    0    245     74      -   100     53      0      0   7600   1890 
    0    189     77      -    97     48      0      0   7600   1740 
    0    126     71      -     0      0      0      0   7600   1890 
    0    109     70      -     0      0      0      0   7600   1800 
    0     96     69      -     0      0      0      0   7600   1800 
    0     91     69      -     0      0      0      0   7600   1800 
    0     86     69      -     0      0      0      0   7600   1800 
    0     86     68      -     0      0      0      0   7600   1800 
    0    153     69      -     0      0      0      0   7600   1890 
    0    200     70      -     0      0      0      0   7600   1890 
    0    200     70      -    10     11      0      0   7600   1890 
    0    204     70      -    33     37      0      0   7600   1890 
    0    204     71      -    60     55      0      0   7600   1890 
    0    198     73      -   100     50      0      0   7600   1890 
    0    154     70      -     0      0      0      0   7600   1890 
    0    122     69      -     0      0      0      0   7600   1890 
    0     94     68      -     0      0      0      0   7600   1800 
    0     90     68      -     0      0      0      0   7600   1800 
    0    156     72      -   100     54      0      0   7600   1890 
    0    181     74      -    95     46      0      0   7600   1650 
    0    186     75      -    75     37      0      0   7600   1725 
    0    199     73      -    10      0      0      0   7600   1665 
    0    201     69      -     0      0      0      0   7600   1890 
    0    114     68      -     0      0      0      0   7600   1890 
    0     93     67      -     0      0      0      0   7600   1800 
    0    118     72      -    82     39      0      0   7600   1830 
    0    175     71      -    13      0      0      0   7600   1665 
    0    203     68      -     0      0      0      0   7600   1890 
    0    215     69      -     0      0      0      0   7600   1890 
    0    205     70      -    77     67      0      0   7600   1875 
# gpu   pwr gtemp mtemp    sm   mem   enc   dec  mclk  pclk
# Idx     W     C     C     %     %     %     %   MHz   MHz
    0    121     68      -     0      0      0      0   7600   1890 
    0     94     67      -     0      0      0      0   7600   1800 
    0     89     66      -     0      0      0      0   7600   1800 
    0     84     66      -     0      0      0      0   7600   1800 
    0     84     66      -     0      0      0      0   7600   1800 
    0     84     65      -     0      0      0      0   7600   1800 
    0     83     65      -     0      0      0      0   7600   1800 
    0    165     71      -   100     50      0      0   7600   1785 
    0    183     72      -    90     47      0      0   7600   1725 
    0    213     72      -    76     37      0      0   7600   1755 
    0    201     71      -    24      8      0      0   7600   1695 
    0    195     67      -     0      0      0      0   7600   1890 
    0    166     72      -   100     50      0      0   7600   1725 
    0    238     68      -    45     46      0      0   7600   1890 
    0    202     70      -    85     72      0      0   7600   1890 
    0    198     73      -   100     52      0      0   7600   1695 
    0    203     73      -   100     54      0      0   7600   1680 
    0    228     73      -   100     53      0      0   7600   1740 
    0    225     73      -   100     53      0      0   7600   1755 
    0    219     73      -   100     52      0      0   7600   1725 
    0    135     67      -     0      0      0      0   7600   1890 
    0    117     67      -     0      0      0      0   7600   1800 
    0    151     72      -   100     56      0      0   7600   1890 
    0    216     72      -   100     53      0      0   7600   1890 
    0    199     73      -    97     50      0      0   7600   1725 
    0    194     73      -    94     44      0      0   7600   1650 
    0    161     67      -     0      0      0      0   7600   1890 

    0    122     67      -     0      0      0      0   7600   1890 
    0     94     66      -     0      0      0      0   7600   1800 
    0    134     72      -   100     50      0      0   7600   1695 
    0    230     68      -    33     38      0      0   7600   1890 
    0    202     69      -    65     59      0      0   7600   1890 
    0    219     71      -    38     15      0      0   7600   1785 
    0    204     67      -     0      0      0      0   7600   1890 


    0    203     68      -     0      0      0      0   7600   1890 
    0    203     68      -    32     36      0      0   7600   1890 
    0    203     68      -     7      8      0      0   7600   1890 
    0    204     68      -    39     42      0      0   7600   1890 
    0    203     69      -    89     74      0      0   7600   1875 
    0    200     72      -   100     55      0      0   7600   1890 
    0    205     74      -   100     52      0      0   7600   1740 
    0    196     73      -    97     48      0      0   7600   1680 
    0    226     74      -    99     47      0      0   7600   1665 
    0    183     73      -    61     30      0      0   7600   1785 
